nan 4
5 2
5 2
5 6
5 2
3 4
1 2
3 6
nan 4
5 4
5 4
3 2
1 2
3 16
nan 8
6 2
6 2
6 6
6 2
5 4
3 2
1 6
nan 2
1 2
5 4
5 4
3 2
1 2
5 12
nan 12
5 2
5 2
5 6
5 2
3 4
1 2
3 6
nan 4
5 4
5 4
3 2
1 2
3 16
nan 8
6 2
6 2
6 6
6 2
5 4
3 2
1 6
nan 2
1 2
5 4
5 4
3 2
1 2
5 12
nan 2
5 2
7 2
10 2
nan 4
5 2
5 2
8 2
10 2
nan 2
8 10
nan 14
10 2
10 2
12 2
14 2
12 2
nan 2
10 2
nan 2
8 2
nan 2
5 2
8 2
10 2
nan 4
5 2
5 2
8 2
10 2
nan 2
8 10
nan 14
10 2
10 2
12 2
14 2
12 2
nan 2
10 2
nan 2
10 10
8 2
14 2
nan 2
14 2
nan 2
14 2
nan 2
10 2
nan 2
14 2
nan 2
14 10
14 6
14 2
nan 4
12 4
nan 4
5 2
5 2
8 2
10 2
nan 2
10 6
5 2
8 2
10 8
